tree
version=v4
num_class=3
num_tree_per_iteration=3
label_index=0
max_feature_idx=57
objective=multiclass num_class:3
feature_names=instrument pre_asia_high pre_asia_low pre_asia_range pre_london_high pre_london_low pre_london_range pre_ny_high pre_ny_low pre_ny_range asia_high asia_low asia_range london_high london_low london_range ny_high ny_low ny_range atr_14 rsi_14 asia_type_code london_type_code pre_ny_type_code orb_time orb_size session_context day_of_week day_of_month month quarter day_of_week_sin day_of_week_cos orb_hour orb_size_pct_atr asia_range_pct_atr london_range_pct_atr ny_range_pct_atr asia_to_london_gap london_to_ny_gap london_asia_range_ratio ny_london_range_ratio session_ASIA session_LONDON session_NY asia_type_code_A0_NORMAL asia_type_code_A2_EXPANDED london_type_code_L1_SWEEP_HIGH london_type_code_L2_SWEEP_LOW london_type_code_L3_EXPANSION london_type_code_L4_CONSOLIDATION pre_ny_type_code_N0_NORMAL pre_ny_type_code_N1_SWEEP_HIGH pre_ny_type_code_N2_SWEEP_LOW pre_ny_type_code_N3_CONSOLIDATION pre_ny_type_code_N4_EXPANSION prev_day_avg_r avg_r_last_3d
feature_infos=none [0:3043] [0:3039.3000000000002] [0:36] [2005.5999999999999:3049.6999999999998] [2002.0999999999999:3043] [1.5:29.200000000000273] [2006:3047.5] [2001.3:3033.6999999999998] [2.5:48.099999999999909] [2006.2:3052.4000000000001] [2001.0999999999999:3034.9000000000001] [3.3000000000001819:63.400000000000091] [2006.3:3048.9000000000001] [1998.4000000000001:3031.4000000000001] [4.2999999999999545:72.200000000000273] [2005:3042.1999999999998] [1996.7:3035.1999999999998] [2.9000000000000909:49.600000000000364] [0:25.820000000000029] [6.9444444444444429:93.529411764704093] [0:2] [0:4] [0:5] [0:5] [0.1999999999998181:27.699999999999818] [0:2] [0:4] [1:31] [1:12] [1:4] [-0.43388373911755801:0.97492791218182362] [-0.90096886790241903:1] [0.5:23] [0:1.7320607988688548] [0:4.015553199010256] [0:4.0448179271708629] [0:4.0848389630793491] [0:6.0999999999999091] [0:17.599999999999909] [0.31614349775784611:4.1911764705884034] [0.24565756823821455:4.592592592592549] [0:1] [0:1] [0:1] [0:1] [0:1] [0:1] [0:1] [0:1] [0:1] [0:1] [0:1] [0:1] none [0:1] [-1:1] [-1:0.77777777777777779]
tree_sizes=3347 3345 356

Tree=0
num_leaves=31
num_cat=0
split_feature=34 25 37 15 34 28 3 36 27 9 36 26 8 40 34 3 34 24 9 9 34 3 3 23 4 20 19 25 28 20
split_gain=4.94081 5.73875 5.53854 6.08865 6.12433 6.48435 5.71812 5.70953 4.14742 7.81381 4.63143 4.10228 4.73049 4.6625 3.84588 3.47954 3.36274 3.2373 3.19894 5.54081 4.23615 3.46213 2.70712 3.99658 2.57283 2.55924 2.46624 2.11312 2.51151 1.94423
threshold=0.090041275110937832 5.6499999999998645 0.49621646121121687 20.60000000000014 0.094882244364999771 6.5000000000000009 6.7500000000000009 1.1622472510536321 2.5000000000000004 13.749999999999774 1.3881287726358096 1.0000000180025095e-35 2624.3500000000004 1.4898482362592118 0.076345691165369198 4.3500000000001373 0.10762968529223495 2.5000000000000004 13.350000000000138 11.099999999999911 0.040593349025671334 3.2000000000000459 2.649999999999864 1.5000000000000002 2375.3500000000004 47.454356965962027 13.085000000000004 4.2000000000000464 13.500000000000002 51.781439233910788
decision_type=2 2 2 2 2 2 2 2 2 2 2 2 2 2 2 2 2 2 2 2 2 2 2 2 2 2 2 2 2 2
left_child=8 2 16 4 -4 6 -6 -7 14 -10 22 13 24 -5 18 -3 -2 -16 19 25 -20 -22 -11 -24 -13 -1 -18 28 -28 -27
right_child=1 15 3 11 5 7 -8 -9 9 10 -12 12 -14 -15 17 -17 26 -19 20 -21 21 -23 23 -25 -26 29 27 -29 -30 -31
leaf_value=-0.65814515525530393 -0.67524792194400529 -0.69403351796476487 -0.62477851085305347 -0.63937041805381045 -0.69230367264033066 -0.65903766925469276 -0.64771915224249332 -0.68017311399674196 -0.68413453444018701 -0.62590175627881517 -0.67896703612593134 -0.64384610160354927 -0.6590716465767904 -0.68387431352290973 -0.71811762067783813 -0.65470570386484361 -0.61520106709393785 -0.67687341604814821 -0.71008143743372432 -0.62927770465581145 -0.65058286229662954 -0.69027007476968927 -0.67766735048211479 -0.63051367120041346 -0.60576858780257903 -0.70606173170626541 -0.67600098602154812 -0.62178517322242222 -0.64520171244487334 -0.66972647427537157
leaf_weight=13.114579617977144 8.6181523203849775 20.233922839164737 8.6181523203849775 10.491663694381716 38.594334304332733 154.75203949213028 8.6181523203849775 40.093143403530121 26.229159235954285 16.112197816371918 10.116961419582365 8.2434500455856341 14.613388717174528 13.114579617977141 10.116961419582369 7.4940454959869376 7.4940454959869376 9.7422591447830182 10.866365969181059 8.9928545951843244 10.116961419582369 11.615770518779753 8.9928545951843279 8.6181523203849775 11.615770518779753 7.4940454959869367 7.8687477707862845 7.4940454959869376 34.847311556339264 7.8687477707862854
leaf_count=35 23 54 23 28 103 413 23 107 70 43 27 22 39 35 27 20 20 26 29 24 27 31 24 23 31 20 21 20 93 21
internal_value=-0.664318 -0.661358 -0.659723 -0.662561 -0.665924 -0.667425 -0.684039 -0.663418 -0.671736 -0.662677 -0.649712 -0.647986 -0.637009 -0.66428 -0.678846 -0.683225 -0.646612 -0.698294 -0.673223 -0.663376 -0.684666 -0.671583 -0.640774 -0.654808 -0.621137 -0.674057 -0.642239 -0.646465 -0.651004 -0.687923
internal_weight=562.803 402.805 375.077 308.755 250.676 242.058 47.2125 194.845 159.998 70.0693 43.8402 58.0789 34.4726 23.6062 89.9285 27.728 66.3223 19.8592 70.0693 37.4702 32.5991 21.7327 33.7232 17.611 19.8592 28.4774 57.7042 50.2101 42.7161 15.3628
internal_count=1502 1075 1001 824 669 646 126 520 427 187 117 155 92 63 240 74 177 53 187 100 87 58 90 47 53 76 154 134 114 41
is_linear=0
shrinkage=1


Tree=1
num_leaves=31
num_cat=0
split_feature=41 34 25 40 41 34 20 9 40 31 36 23 37 12 19 37 37 57 40 12 34 18 25 20 2 35 6 12 36 24
split_gain=6.40597 9.2638 13.589 6.77598 4.79707 4.72838 6.35187 4.72542 5.00691 5.56271 4.77679 4.56921 4.47493 4.25398 3.8722 3.34037 3.88197 3.19686 3.83174 3.86927 2.94567 2.90379 2.54851 3.53667 2.47173 2.35459 2.88987 2.66997 2.25469 1.94813
threshold=0.73667397431885295 0.11986644635790279 5.6499999999998645 1.4898482362592118 1.1873288392669619 0.32690633371855243 29.227227476355484 11.750000000000229 2.3017045454545393 -1.0000000180025095e-35 0.81871138055860715 3.5000000000000004 0.71796759941089749 13.600000000000138 18.022499999999997 1.3238461704925322 0.72906152175301442 0.13392857142857145 2.3017045454545393 14.399999999999865 0.24548183819338396 5.8500000000000236 1.199999999999932 49.156369912056654 2339.8500000000008 1.2551056908380345 8.5999999999999108 16.049999999999958 0.73884187242940869 1.5000000000000002
decision_type=2 2 2 2 2 2 2 2 2 2 2 2 2 2 2 2 2 2 2 2 2 2 2 2 2 2 2 2 2 2
left_child=1 7 17 4 15 6 -6 21 9 -9 -11 13 -12 -8 -4 16 28 18 19 20 -3 -1 -5 -24 -21 27 -27 -18 -2 -19
right_child=3 2 14 22 5 -7 11 8 -10 10 12 -13 -14 -15 -16 -17 25 29 -20 24 -22 -23 23 -25 -26 26 -28 -29 -30 -31
leaf_value=-0.72282294870606201 -0.71376508961680096 -0.73020502561945755 -0.71860013961081026 -0.6735499640010334 -0.7640235179958037 -0.69394755834021338 -0.73429703609661645 -0.76610771689273038 -0.69648724510853588 -0.6944628168230601 -0.74180374204530697 -0.75673990192118157 -0.70139362010016471 -0.71346584516629408 -0.66888008252543107 -0.69181753227746223 -0.72596054492506201 -0.77626860020184729 -0.76983590335767516 -0.75931321590863154 -0.69521809389111067 -0.69198568549603412 -0.68984876614823831 -0.72727329425513787 -0.7358453024870284 -0.69648724510853588 -0.73113184060747105 -0.75463132333563032 -0.68930534046174397 -0.74852698709272825
leaf_weight=11.615060985088347 55.45254921913147 28.850312769412994 8.6176258921623248 8.242946505546568 13.113778531551359 8.9923052787780744 47.958961486816406 9.7416640520095807 11.9897403717041 10.116343438625334 30.72370970249176 11.615060985088347 8.6176258921623212 49.832358419895172 7.4935877323150626 13.488457918167112 33.346465408802032 9.7416640520095807 8.9923052787780744 17.984610557556152 7.4935877323150626 21.356725037097931 14.237816691398622 10.86570221185684 32.971786022186279 11.989740371704103 11.615060985088347 10.86570221185684 11.615060985088347 23.230121970176697
leaf_count=31 148 77 23 22 35 24 128 26 32 27 82 31 23 133 20 36 89 26 24 48 20 57 38 29 88 32 31 29 31 62
internal_value=-0.723884 -0.729866 -0.738024 -0.719133 -0.721694 -0.728623 -0.731231 -0.718524 -0.725714 -0.731752 -0.724811 -0.72722 -0.732793 -0.723632 -0.694976 -0.715519 -0.717947 -0.743445 -0.738718 -0.735405 -0.722823 -0.702887 -0.697856 -0.706199 -0.744281 -0.726323 -0.713709 -0.733175 -0.709411 -0.757011
internal_weight=562.768 249.536 145.376 313.232 279.886 131.512 122.52 104.161 71.1891 59.1993 49.4577 109.406 39.3413 97.7913 16.1112 148.373 134.885 129.264 96.2926 87.3003 36.3439 32.9718 33.3465 25.1035 50.9564 67.817 23.6048 44.2122 67.0676 32.9718
internal_count=1502 666 388 836 747 351 327 278 190 158 132 292 105 261 43 396 360 345 257 233 97 88 89 67 136 181 63 118 179 88
is_linear=0
shrinkage=1


Tree=2
num_leaves=2
num_cat=0
split_feature=19
split_gain=7.12861
threshold=24.177500000000023
decision_type=2
left_child=-1
right_child=-2
leaf_value=-7.5664000885182698 -7.1588603918083331
leaf_weight=1.1803928839508442 0.016737508820369951
leaf_count=1481 21
internal_value=-7.53565
internal_weight=1.19713
internal_count=1502
is_linear=0
shrinkage=1


end of trees

feature_importances:
orb_size_pct_atr=8
pre_asia_range=4
pre_ny_range=4
rsi_14=4
orb_size=4
london_range_pct_atr=4
ny_range_pct_atr=4
london_asia_range_ratio=4
asia_range=3
atr_14=3
pre_ny_type_code=2
orb_time=2
day_of_month=2
ny_london_range_ratio=2
pre_asia_low=1
pre_london_high=1
pre_london_range=1
pre_ny_low=1
london_range=1
ny_range=1
session_context=1
day_of_week=1
day_of_week_sin=1
asia_range_pct_atr=1
avg_r_last_3d=1

parameters:
[boosting: gbdt]
[objective: multiclass]
[metric: multi_logloss]
[tree_learner: serial]
[device_type: cpu]
[data_sample_strategy: bagging]
[data: ]
[valid: ]
[num_iterations: 500]
[learning_rate: 0.05]
[num_leaves: 31]
[num_threads: 0]
[seed: 42]
[deterministic: 0]
[force_col_wise: 0]
[force_row_wise: 0]
[histogram_pool_size: -1]
[max_depth: 7]
[min_data_in_leaf: 20]
[min_sum_hessian_in_leaf: 0.001]
[bagging_fraction: 0.8]
[pos_bagging_fraction: 1]
[neg_bagging_fraction: 1]
[bagging_freq: 5]
[bagging_seed: 400]
[bagging_by_query: 0]
[feature_fraction: 0.9]
[feature_fraction_bynode: 1]
[feature_fraction_seed: 30056]
[extra_trees: 0]
[extra_seed: 12879]
[early_stopping_round: 0]
[early_stopping_min_delta: 0]
[first_metric_only: 0]
[max_delta_step: 0]
[lambda_l1: 0.1]
[lambda_l2: 0.1]
[linear_lambda: 0]
[min_gain_to_split: 0]
[drop_rate: 0.1]
[max_drop: 50]
[skip_drop: 0.5]
[xgboost_dart_mode: 0]
[uniform_drop: 0]
[drop_seed: 17869]
[top_rate: 0.2]
[other_rate: 0.1]
[min_data_per_group: 100]
[max_cat_threshold: 32]
[cat_l2: 10]
[cat_smooth: 10]
[max_cat_to_onehot: 4]
[top_k: 20]
[monotone_constraints: ]
[monotone_constraints_method: basic]
[monotone_penalty: 0]
[feature_contri: ]
[forcedsplits_filename: ]
[refit_decay_rate: 0.9]
[cegb_tradeoff: 1]
[cegb_penalty_split: 0]
[cegb_penalty_feature_lazy: ]
[cegb_penalty_feature_coupled: ]
[path_smooth: 0]
[interaction_constraints: ]
[verbosity: -1]
[saved_feature_importance_type: 0]
[use_quantized_grad: 0]
[num_grad_quant_bins: 4]
[quant_train_renew_leaf: 0]
[stochastic_rounding: 1]
[linear_tree: 0]
[max_bin: 255]
[max_bin_by_feature: ]
[min_data_in_bin: 3]
[bin_construct_sample_cnt: 200000]
[data_random_seed: 175]
[is_enable_sparse: 1]
[enable_bundle: 1]
[use_missing: 1]
[zero_as_missing: 0]
[feature_pre_filter: 1]
[pre_partition: 0]
[two_round: 0]
[header: 0]
[label_column: ]
[weight_column: ]
[group_column: ]
[ignore_column: ]
[categorical_feature: ]
[forcedbins_filename: ]
[precise_float_parser: 0]
[parser_config_file: ]
[objective_seed: 16083]
[num_class: 3]
[is_unbalance: 0]
[scale_pos_weight: 1]
[sigmoid: 1]
[boost_from_average: 1]
[reg_sqrt: 0]
[alpha: 0.9]
[fair_c: 1]
[poisson_max_delta_step: 0.7]
[tweedie_variance_power: 1.5]
[lambdarank_truncation_level: 30]
[lambdarank_norm: 1]
[label_gain: ]
[lambdarank_position_bias_regularization: 0]
[eval_at: ]
[multi_error_top_k: 1]
[auc_mu_weights: ]
[num_machines: 1]
[local_listen_port: 12400]
[time_out: 120]
[machine_list_filename: ]
[machines: ]
[gpu_platform_id: -1]
[gpu_device_id: -1]
[gpu_use_dp: 0]
[num_gpu: 1]

end of parameters

pandas_categorical:[]
